ability, 1, 0000078
about, 5, 0000003, 0000028, 0000035, 0000077, 0000078
above, 2, 0000084, 0000086
abroad, 1, 0000030
acceptances, 2, 0000052, 0000071
accepted, 1, 0000011
accompanied, 2, 0000030, 0000078
accord, 1, 0000098
according, 3, 0000075, 0000078, 0000098
accordingly, 1, 0000029
account, 1, 0000030
accounted, 1, 0000077
accounting, 1, 0000097
accrued, 1, 0000081
acknowledge, 1, 0000016
acquire, 1, 0000005
acquired, 3, 0000028, 0000035, 0000044
acquisition, 2, 0000010, 0000047
acquisitions, 4, 0000007, 0000010, 0000078, 0000092
act, 2, 0000010, 0000040
acting, 1, 0000077
action, 2, 0000036, 0000040
activity, 1, 0000078
actual, 1, 0000029
added, 4, 0000003, 0000039, 0000041, 0000078
adding, 1, 0000077
addition, 1, 0000056
additional, 2, 0000005, 0000040
adj, 2, 0000068, 0000093
adjusted, 6, 0000018, 0000029, 0000069, 0000070, 0000073, 0000079
adjustment, 1, 0000017
adjustments, 3, 0000073, 0000077, 0000095
administration, 2, 0000040, 0000097
administrative, 1, 0000007
advisory, 2, 0000016, 0000098
affect, 1, 0000048
affected, 1, 0000003
affiliated, 2, 0000065, 0000096
after, 8, 0000000, 0000001, 0000008, 0000010, 0000016, 0000025, 0000048, 0000085
afternoon, 2, 0000016, 0000028
afternoons, 1, 0000077
aftertax, 1, 0000078
afterwards, 1, 0000096
again, 2, 0000000, 0000038
against, 3, 0000000, 0000097, 0000098
agencies, 1, 0000071
agency, 1, 0000032
aggregates, 1, 0000070
ago, 6, 0000031, 0000035, 0000045, 0000069, 0000070, 0000086
agreed, 2, 0000016, 0000027
agreement, 1, 0000098
agricultural, 2, 0000066, 0000097
agriculture, 8, 0000001, 0000011, 0000029, 0000036, 0000073, 0000074, 0000084, 0000097
aires, 2, 0000002, 0000039
albany, 1, 0000067
all, 8, 0000000, 0000016, 0000028, 0000030, 0000036, 0000053, 0000077, 0000078
alleviating, 1, 0000000
allocated, 1, 0000035
allocations, 1, 0000074
allstar, 2, 0000055, 0000080
almost, 2, 0000000, 0000077
alone, 1, 0000010
along, 1, 0000078
also, 9, 0000000, 0000002, 0000004, 0000005, 0000010, 0000016, 0000045, 0000078, 0000098
alternate, 1, 0000012
although, 2, 0000000, 0000030
am, 2, 0000008, 0000035
amarillo, 1, 0000066
amarlo, 1, 0000066
america, 2, 0000033, 0000047
american, 3, 0000027, 0000078, 0000086
amid, 1, 0000030
among, 1, 0000048
amortization, 1, 0000016
amortizations, 2, 0000016, 0000098
amortize, 1, 0000098
amount, 3, 0000044, 0000056, 0000083
amounts, 1, 0000047
an, 17, 0000000, 0000004, 0000005, 0000010, 0000011, 0000016, 0000026, 0000028, 0000029, 0000035, 0000039, 0000040, 0000078, 0000080, 0000081, 0000097, 0000098
analysis, 1, 0000097
analyst, 2, 0000028, 0000078
analysts, 3, 0000010, 0000078, 0000092
analytical, 1, 0000078
angeles, 1, 0000042
ann, 1, 0000010
anniversary, 1, 0000030
announced, 6, 0000011, 0000028, 0000030, 0000036, 0000040, 0000073
announcement, 3, 0000016, 0000028, 0000078
annual, 7, 0000004, 0000015, 0000018, 0000024, 0000030, 0000059, 0000092
annualized, 1, 0000035
another, 2, 0000028, 0000035
anti, 1, 0000030
anticipated, 1, 0000010
antiinflation, 1, 0000030
any, 8, 0000005, 0000007, 0000026, 0000028, 0000041, 0000077, 0000078, 0000097
anywhere, 1, 0000079
appeared, 1, 0000098
appears, 1, 0000003
application, 1, 0000028
applied, 2, 0000041, 0000095
appraisals, 1, 0000007
approval, 3, 0000016, 0000027, 0000040
approved, 3, 0000004, 0000014, 0000090
approves, 2, 0000004, 0000090
apr, 1, 0000002
april, 17, 0000004, 0000007, 0000011, 0000014, 0000015, 0000022, 0000026, 0000046, 0000048, 0000054, 0000055, 0000057, 0000059, 0000076, 0000080, 0000081, 0000100
aprilmay, 1, 0000000
arbitrageur, 1, 0000028
arbitrageurs, 1, 0000028
are, 16, 0000000, 0000005, 0000012, 0000014, 0000016, 0000024, 0000027, 0000028, 0000029, 0000035, 0000052, 0000053, 0000081, 0000085, 0000092, 0000098
areas, 1, 0000000
arena, 1, 0000078
argentina, 3, 0000000, 0000039, 0000074
argentinas, 1, 0000039
argentine, 1, 0000002
ark, 1, 0000060
around, 3, 0000000, 0000077, 0000098
arrangements, 1, 0000010
arranging, 1, 0000027
arrivals, 1, 0000000
arroba, 1, 0000000
ascs, 1, 0000066
asked, 2, 0000016, 0000098
asset, 2, 0000027, 0000078
assets, 7, 0000006, 0000019, 0000024, 0000027, 0000037, 0000071, 0000078
association, 4, 0000018, 0000045, 0000047, 0000086
atfc, 1, 0000047
atico, 1, 0000047
attack, 1, 0000028
attitude, 1, 0000098
attract, 1, 0000028
auction, 1, 0000040
aug, 1, 0000000
augsept, 1, 0000000
australia, 2, 0000010, 0000074
author, 2, 0000028, 0000078
authority, 1, 0000040
authorized, 1, 0000004
available, 3, 0000000, 0000001, 0000006
avearge, 1, 0000077
average, 7, 0000001, 0000032, 0000053, 0000063, 0000073, 0000077, 0000079
averaged, 2, 0000030, 0000077
averaging, 1, 0000030
avg, 7, 0000008, 0000023, 0000042, 0000043, 0000067, 0000072, 0000099
avge, 2, 0000001, 0000070
avgs, 1, 0000070
avgsmlns, 5, 0000068, 0000071, 0000072, 0000093, 0000094
avoid, 1, 0000030
awarded, 1, 0000011
axp, 1, 0000078
azpurua, 1, 0000098
ba, 1, 0000003
baa, 1, 0000003
backlog, 2, 0000032, 0000035
baglini, 1, 0000039
bags, 2, 0000000, 0000026
bahia, 1, 0000000
balance, 2, 0000035, 0000039
balancesadjustments, 2, 0000068, 0000094
ball, 1, 0000028
baltimore, 1, 0000066
baltnor, 1, 0000066
bancorp, 1, 0000076
bank, 15, 0000016, 0000030, 0000031, 0000051, 0000052, 0000053, 0000063, 0000064, 0000068, 0000069, 0000072, 0000077, 0000093, 0000094, 0000098
banker, 2, 0000012, 0000016
bankers, 1, 0000016
banking, 2, 0000077, 0000098
bankruptcy, 1, 0000027
banks, 7, 0000016, 0000039, 0000047, 0000052, 0000053, 0000077, 0000098
banksazpurua, 1, 0000098
barbados, 1, 0000074
barge, 1, 0000038
barges, 1, 0000038
barley, 1, 0000001
barrel, 1, 0000089
base, 2, 0000028, 0000093
based, 2, 0000073, 0000098
basena, 1, 0000068
basic, 1, 0000098
basis, 4, 0000026, 0000029, 0000035, 0000081
bdm, 1, 0000059
be, 26, 0000000, 0000005, 0000007, 0000010, 0000011, 0000014, 0000016, 0000020, 0000026, 0000027, 0000028, 0000030, 0000035, 0000036, 0000041, 0000048, 0000052, 0000053, 0000073, 0000077, 0000078, 0000079, 0000081, 0000083, 0000097, 0000098
bean, 1, 0000000
beans, 1, 0000036
bear, 1, 0000012
because, 5, 0000007, 0000016, 0000078, 0000081, 0000098
beck, 1, 0000083
been, 13, 0000000, 0000010, 0000016, 0000018, 0000026, 0000028, 0000029, 0000030, 0000036, 0000039, 0000077, 0000078, 0000098
before, 2, 0000028, 0000048
began, 2, 0000074, 0000080
beginning, 2, 0000035, 0000055
being, 2, 0000078, 0000098
believe, 1, 0000078
believes, 1, 0000078
belize, 1, 0000074
below, 2, 0000007, 0000084
benefit, 2, 0000010, 0000035
benefits, 1, 0000010
better, 2, 0000024, 0000078
between, 5, 0000016, 0000028, 0000087, 0000096, 0000098
beverage, 1, 0000014
beverly, 1, 0000100
bfd, 1, 0000009
bfdb, 1, 0000014
bid, 3, 0000028, 0000030, 0000038
bidder, 1, 0000028
bids, 1, 0000028
big, 1, 0000078
bilion, 1, 0000078
bill, 1, 0000040
billion, 20, 0000003, 0000009, 0000010, 0000016, 0000024, 0000030, 0000031, 0000037, 0000039, 0000042, 0000043, 0000052, 0000054, 0000061, 0000062, 0000069, 0000077, 0000079, 0000085, 0000098
billions, 1, 0000070
bit, 2, 0000014, 0000077
blah, 8, 0000019, 0000049, 0000050, 0000051, 0000061, 0000063, 0000064, 0000091
blender, 1, 0000010
blenders, 1, 0000010
board, 5, 0000002, 0000004, 0000014, 0000028, 0000096
bodies, 1, 0000027
bolivia, 1, 0000074
bonus, 1, 0000011
book, 1, 0000078
booked, 1, 0000000
books, 1, 0000052
boost, 1, 0000078
boosting, 1, 0000078
borrow, 1, 0000040
borrowing, 3, 0000040, 0000053, 0000077
borrowings, 8, 0000051, 0000053, 0000063, 0000068, 0000072, 0000077, 0000093, 0000094
both, 6, 0000014, 0000017, 0000028, 0000038, 0000077, 0000098
bottom, 1, 0000010
bought, 3, 0000071, 0000087, 0000096
brackets, 1, 0000002
branchville, 1, 0000083
brazil, 5, 0000010, 0000016, 0000030, 0000039, 0000074
brazilian, 1, 0000000
brazils, 3, 0000016, 0000030, 0000098
bread, 1, 0000002
breakthrough, 1, 0000016
brian, 1, 0000024
briefing, 1, 0000077
brierley, 1, 0000087
brings, 1, 0000089
brly, 1, 0000066
broad, 1, 0000016
brokerage, 1, 0000078
brokerdealer, 1, 0000037
brothers, 2, 0000020, 0000078
brownforman, 2, 0000009, 0000014
brownformans, 1, 0000014
bsc, 1, 0000012
budget, 1, 0000097
buenos, 2, 0000002, 0000039
bulletin, 1, 0000031
bushel, 1, 0000066
bushels, 1, 0000045
business, 5, 0000017, 0000050, 0000052, 0000066, 0000078
but, 11, 0000005, 0000016, 0000018, 0000028, 0000030, 0000077, 0000078, 0000085, 0000086, 0000097, 0000098
butter, 1, 0000000
buy, 3, 0000005, 0000082, 0000096
buyers, 1, 0000000
buys, 1, 0000044
cabbage, 1, 0000092
cake, 1, 0000000
cal, 1, 0000028
calculated, 2, 0000008, 0000078
calif, 2, 0000006, 0000100
call, 3, 0000001, 0000038, 0000056
called, 1, 0000079
canada, 2, 0000010, 0000074
canadian, 2, 0000040, 0000085
canal, 1, 0000032
cancellable, 1, 0000083
canron, 1, 0000062
capacity, 1, 0000045
capital, 7, 0000004, 0000007, 0000012, 0000018, 0000033, 0000035, 0000078
capitalization, 2, 0000078, 0000098
capitalize, 1, 0000028
capitlizing, 1, 0000098
caracas, 1, 0000098
care, 1, 0000028
carl, 1, 0000096
carloadings, 1, 0000086
carnival, 1, 0000000
carrollton, 1, 0000022
carry, 1, 0000006
carryforwards, 1, 0000008
carryovers, 1, 0000041
cars, 1, 0000086
cash, 7, 0000014, 0000028, 0000068, 0000077, 0000078, 0000094, 0000097
cashna, 1, 0000068
catapulted, 1, 0000028
cathode, 1, 0000013
cause, 2, 0000084, 0000097
caused, 1, 0000097
cbco, 1, 0000006
ccc, 2, 0000011, 0000036
cdin, 1, 0000067
cells, 1, 0000012
cent, 2, 0000013, 0000067
center, 2, 0000077, 0000078
central, 1, 0000098
cents, 1, 0000013
certain, 4, 0000005, 0000027, 0000028, 0000095
certificate, 2, 0000073, 0000097
certificates, 3, 0000000, 0000066, 0000097
certs, 1, 0000097
cg, 1, 0000056
ch, 1, 0000004
chairman, 3, 0000010, 0000096, 0000097
chairmen, 1, 0000078
chalk, 1, 0000016
champion, 1, 0000004
change, 3, 0000005, 0000048, 0000098
changed, 1, 0000092
changes, 2, 0000078, 0000096
changing, 1, 0000028
charge, 2, 0000014, 0000025
charters, 1, 0000027
chem, 1, 0000028
chemlawn, 1, 0000028
chemlawns, 1, 0000028
chicago, 5, 0000008, 0000010, 0000035, 0000038, 0000066
chief, 1, 0000078
chile, 1, 0000016
chiles, 1, 0000098
chinese, 1, 0000084
cinci, 1, 0000066
cincinnati, 1, 0000066
cinram, 1, 0000023
circumstances, 2, 0000005, 0000098
cited, 1, 0000014
cites, 1, 0000035
citibank, 1, 0000016
citing, 1, 0000089
city, 3, 0000053, 0000066, 0000100
class, 2, 0000014, 0000059
classes, 1, 0000014
clc, 1, 0000092
cleared, 1, 0000077
clearing, 1, 0000077
cleveland, 1, 0000007
clo, 1, 0000088
closed, 1, 0000078
closing, 1, 0000095
clri, 1, 0000022
co, 10, 0000007, 0000010, 0000012, 0000013, 0000043, 0000054, 0000078, 0000081, 0000083, 0000090
coast, 1, 0000074
cobanco, 1, 0000006
cocoa, 1, 0000000
cofab, 1, 0000044
coffee, 2, 0000026, 0000048
coincidental, 1, 0000016
coleco, 2, 0000088, 0000092
collapsed, 1, 0000030
colombia, 1, 0000074
columbia, 1, 0000056
columbus, 1, 0000090
combustion, 1, 0000057
come, 1, 0000000
coming, 1, 0000000
comissaria, 1, 0000000
commack, 1, 0000005
command, 1, 0000078
commencement, 1, 0000055
comment, 2, 0000078, 0000098
commenting, 2, 0000053, 0000077
comments, 1, 0000078
commercial, 4, 0000028, 0000039, 0000049, 0000052
commission, 7, 0000000, 0000020, 0000032, 0000065, 0000083, 0000087, 0000096
commitment, 2, 0000016, 0000098
committed, 1, 0000097
committee, 4, 0000016, 0000039, 0000097, 0000098
commodities, 2, 0000011, 0000066
commodity, 3, 0000011, 0000036, 0000066
common, 10, 0000004, 0000005, 0000014, 0000024, 0000047, 0000065, 0000082, 0000083, 0000087, 0000096
companies, 4, 0000028, 0000044, 0000047, 0000089
company, 18, 0000003, 0000004, 0000005, 0000007, 0000010, 0000011, 0000012, 0000014, 0000028, 0000035, 0000037, 0000056, 0000078, 0000082, 0000087, 0000089, 0000092, 0000095
companys, 2, 0000028, 0000085
compared, 7, 0000029, 0000031, 0000035, 0000045, 0000069, 0000092, 0000097
comparison, 1, 0000038
compensated, 1, 0000098
competes, 1, 0000028
competing, 1, 0000028
complete, 1, 0000011
completed, 2, 0000005, 0000027
completes, 1, 0000005
components, 1, 0000078
computer, 2, 0000005, 0000022
concentrated, 1, 0000028
conditions, 5, 0000005, 0000024, 0000027, 0000082, 0000085
conducting, 1, 0000007
conference, 1, 0000098
congo, 1, 0000074
conn, 6, 0000034, 0000055, 0000057, 0000080, 0000088, 0000092
connection, 1, 0000007
consent, 1, 0000082
conservation, 1, 0000066
considerations, 1, 0000007
considered, 1, 0000078
considering, 2, 0000018, 0000078
consignment, 1, 0000000
constitute, 1, 0000078
constructive, 1, 0000098
consultant, 1, 0000097
consumers, 1, 0000026
contact, 2, 0000026, 0000028
continue, 3, 0000005, 0000035, 0000085
continued, 2, 0000000, 0000014
continuing, 1, 0000085
contract, 2, 0000027, 0000089
contracts, 1, 0000083
contrary, 1, 0000078
contributed, 1, 0000078
contributing, 1, 0000078
control, 1, 0000005
convertible, 2, 0000000, 0000082
cooling, 1, 0000044
copany, 1, 0000089
copper, 1, 0000013
coradian, 1, 0000067
corn, 3, 0000001, 0000036, 0000066
cornsorghum, 1, 0000001
corp, 19, 0000003, 0000010, 0000012, 0000013, 0000017, 0000020, 0000028, 0000034, 0000046, 0000047, 0000058, 0000065, 0000067, 0000083, 0000087, 0000089, 0000090, 0000096, 0000100
corporate, 1, 0000014
corporation, 3, 0000011, 0000036, 0000066
corps, 1, 0000027
corrections, 1, 0000077
corresponding, 2, 0000035, 0000086
cos, 1, 0000003
cost, 1, 0000097
costa, 1, 0000074
costly, 1, 0000097
costs, 1, 0000005
cotton, 1, 0000073
could, 6, 0000016, 0000028, 0000039, 0000077, 0000078, 0000097
countries, 3, 0000026, 0000074, 0000098
country, 3, 0000039, 0000077, 0000098
countrys, 1, 0000030
court, 1, 0000027
cover, 4, 0000011, 0000030, 0000036, 0000040
coverage, 1, 0000036
covering, 1, 0000083
covers, 2, 0000001, 0000080
covertible, 1, 0000000
cpml, 1, 0000005
cranford, 1, 0000027
created, 1, 0000078
creates, 1, 0000036
credit, 4, 0000011, 0000036, 0000066, 0000081
creditor, 2, 0000039, 0000098
creditors, 3, 0000003, 0000039, 0000098
credits, 4, 0000008, 0000036, 0000072, 0000077
crisis, 1, 0000030
crop, 2, 0000000, 0000002
crowley, 1, 0000027
crude, 1, 0000089
crumbling, 1, 0000030
crush, 1, 0000045
crushed, 1, 0000045
crushing, 1, 0000045
cruz, 1, 0000006
cruzado, 1, 0000030
cruzados, 1, 0000000
csp, 1, 0000057
cts, 34, 0000006, 0000007, 0000008, 0000009, 0000010, 0000013, 0000014, 0000015, 0000017, 0000021, 0000022, 0000023, 0000025, 0000033, 0000034, 0000035, 0000042, 0000043, 0000046, 0000047, 0000055, 0000057, 0000058, 0000059, 0000060, 0000062, 0000067, 0000073, 0000076, 0000080, 0000088, 0000092, 0000099, 0000100
ctyn, 1, 0000100
cumulative, 3, 0000000, 0000029, 0000074
currency, 4, 0000000, 0000030, 0000068, 0000094
current, 3, 0000005, 0000007, 0000098
currently, 1, 0000000
cust, 1, 0000071
custody, 1, 0000072
custom, 1, 0000044
customer, 1, 0000028
customers, 1, 0000028
customs, 1, 0000029
cut, 2, 0000065, 0000089
cuts, 1, 0000089
cutting, 1, 0000013
cwt, 2, 0000001, 0000066
cyclops, 1, 0000065
cyl, 1, 0000065
dahl, 1, 0000099
dahlberg, 1, 0000099
daily, 7, 0000032, 0000068, 0000071, 0000072, 0000077, 0000093, 0000094
dairy, 1, 0000010
dallas, 1, 0000082
data, 4, 0000029, 0000052, 0000053, 0000073
date, 1, 0000081
day, 4, 0000039, 0000054, 0000066, 0000077
days, 3, 0000032, 0000077, 0000089
de, 1, 0000030
deal, 1, 0000016
dealers, 1, 0000038
deals, 1, 0000016
dean, 1, 0000010
dearborn, 1, 0000081
debentures, 4, 0000056, 0000081, 0000082, 0000083
debra, 1, 0000028
debt, 6, 0000003, 0000016, 0000030, 0000039, 0000040, 0000098
debtdec, 1, 0000070
debtor, 1, 0000039
debtors, 2, 0000016, 0000098
debtrescheduling, 1, 0000016
dec, 2, 0000000, 0000070
december, 9, 0000010, 0000018, 0000029, 0000031, 0000055, 0000069, 0000074, 0000080, 0000092
decembers, 1, 0000018
decision, 1, 0000098
declaration, 1, 0000054
declarations, 1, 0000048
declared, 3, 0000014, 0000039, 0000080
decline, 3, 0000007, 0000035, 0000092
declined, 4, 0000014, 0000016, 0000052, 0000098
decrease, 1, 0000097
deferral, 1, 0000098
deficit, 1, 0000077
del, 2, 0000039, 0000056
delay, 1, 0000007
delegates, 2, 0000026, 0000048
delivered, 1, 0000000
delivery, 2, 0000005, 0000038
demand, 2, 0000038, 0000085
denver, 1, 0000066
department, 8, 0000001, 0000011, 0000029, 0000036, 0000073, 0000074, 0000084, 0000097
depending, 2, 0000028, 0000082
depends, 1, 0000097
deposit, 1, 0000069
deposits, 6, 0000006, 0000068, 0000069, 0000071, 0000072, 0000094
deputy, 1, 0000039
derive, 1, 0000010
design, 1, 0000012
desire, 1, 0000016
destinations, 1, 0000000
detailed, 2, 0000002, 0000074
details, 1, 0000016
determined, 2, 0000073, 0000097
determines, 1, 0000097
determining, 1, 0000073
develop, 1, 0000012
development, 1, 0000035
df, 1, 0000010
dia, 1, 0000089
diamond, 1, 0000089
did, 2, 0000078, 0000095
different, 1, 0000077
difficult, 1, 0000028
dificulties, 1, 0000000
diluted, 1, 0000054
direct, 1, 0000098
director, 1, 0000098
directors, 2, 0000004, 0000014
disagreed, 1, 0000078
discard, 2, 0000039, 0000098
disclose, 1, 0000016
disclosed, 1, 0000087
discount, 4, 0000051, 0000053, 0000063, 0000077
discretion, 1, 0000082
discussed, 1, 0000048
discussing, 1, 0000028
distance, 1, 0000054
distribution, 4, 0000026, 0000028, 0000033, 0000048
districts, 1, 0000077
div, 12, 0000015, 0000021, 0000022, 0000034, 0000046, 0000054, 0000055, 0000057, 0000058, 0000059, 0000060, 0000076
diversified, 1, 0000092
diverted, 1, 0000030
divestitures, 1, 0000078
divided, 1, 0000039
dividend, 12, 0000014, 0000015, 0000021, 0000022, 0000034, 0000046, 0000054, 0000055, 0000058, 0000078, 0000080, 0000100
dividends, 1, 0000008
division, 1, 0000035
divisions, 1, 0000078
divs, 1, 0000059
dlr, 10, 0000009, 0000014, 0000016, 0000020, 0000030, 0000035, 0000039, 0000078, 0000079, 0000085
dlrs, 51, 0000000, 0000003, 0000005, 0000006, 0000007, 0000009, 0000010, 0000011, 0000014, 0000017, 0000019, 0000020, 0000023, 0000024, 0000025, 0000028, 0000030, 0000031, 0000035, 0000036, 0000037, 0000040, 0000041, 0000042, 0000043, 0000047, 0000049, 0000050, 0000051, 0000052, 0000053, 0000056, 0000061, 0000062, 0000063, 0000064, 0000065, 0000069, 0000077, 0000078, 0000079, 0000081, 0000083, 0000085, 0000087, 0000088, 0000089, 0000092, 0000095, 0000096, 0000098
dlrsbusorghum, 1, 0000001
dls, 1, 0000088
do, 1, 0000039
does, 3, 0000028, 0000039, 0000078
doesnt, 1, 0000028
dollar, 3, 0000035, 0000054, 0000085
dollars, 2, 0000028, 0000066
dom, 1, 0000074
domestic, 2, 0000030, 0000070
dominion, 1, 0000043
domm, 1, 0000078
done, 1, 0000053
dot, 1, 0000005
doubt, 1, 0000000
doubts, 1, 0000000
douglas, 1, 0000010
dowgraded, 1, 0000003
down, 9, 0000029, 0000068, 0000071, 0000072, 0000077, 0000078, 0000079, 0000086, 0000094
dramatic, 2, 0000030, 0000092
drop, 2, 0000016, 0000018
dropped, 2, 0000018, 0000052
drought, 1, 0000000
dry, 2, 0000000, 0000036
due, 13, 0000007, 0000014, 0000016, 0000020, 0000032, 0000053, 0000056, 0000077, 0000081, 0000083, 0000092, 0000097, 0000098
duluth, 1, 0000066
during, 4, 0000029, 0000040, 0000074, 0000077
durum, 1, 0000066
each, 3, 0000014, 0000090, 0000098
earlier, 13, 0000000, 0000010, 0000014, 0000016, 0000026, 0000035, 0000077, 0000084, 0000085, 0000086, 0000087, 0000092, 0000098
early, 4, 0000000, 0000007, 0000010, 0000032
earmarked, 1, 0000036
earned, 2, 0000007, 0000028
earnings, 6, 0000010, 0000014, 0000024, 0000078, 0000085, 0000092
easier, 1, 0000016
ebi, 1, 0000010
eckenfelder, 1, 0000078
economist, 1, 0000030
economists, 1, 0000079
economy, 2, 0000024, 0000030
ecuador, 1, 0000074
edible, 1, 0000036
ee, 1, 0000015
ef, 1, 0000078
effect, 2, 0000073, 0000097
effective, 4, 0000013, 0000014, 0000066, 0000089
effects, 1, 0000010
eight, 3, 0000046, 0000053, 0000082
eightmember, 1, 0000048
eights, 2, 0000021, 0000046
el, 1, 0000074
elected, 1, 0000096
electric, 2, 0000043, 0000090
electrical, 1, 0000012
electronics, 1, 0000015
elements, 1, 0000098
elevating, 1, 0000078
elgin, 1, 0000010
elliott, 1, 0000028
emerson, 1, 0000090
emh, 1, 0000034
emhart, 1, 0000034
emr, 1, 0000090
emulate, 1, 0000016
enable, 1, 0000092
encourage, 1, 0000097
end, 3, 0000000, 0000032, 0000084
endday, 1, 0000032
endeavors, 1, 0000078
ended, 17, 0000000, 0000029, 0000030, 0000037, 0000045, 0000052, 0000053, 0000068, 0000070, 0000071, 0000072, 0000073, 0000077, 0000086, 0000092, 0000093, 0000094
ending, 2, 0000007, 0000010
ends, 2, 0000000, 0000074
energy, 1, 0000044
engaged, 1, 0000095
engineering, 2, 0000035, 0000057
enhance, 1, 0000078
enhancement, 1, 0000011
enormous, 1, 0000078
enough, 1, 0000010
ensure, 1, 0000005
enter, 1, 0000032
entered, 1, 0000001
entrepreuers, 1, 0000028
entries, 1, 0000097
entry, 1, 0000010
equal, 3, 0000005, 0000068, 0000094
equity, 4, 0000024, 0000055, 0000080, 0000087
errors, 1, 0000077
esquire, 1, 0000015
est, 2, 0000053, 0000077
established, 1, 0000066
establishment, 1, 0000003
estimated, 3, 0000000, 0000017, 0000084
estimates, 2, 0000000, 0000084
eurodollar, 1, 0000016
european, 1, 0000073
evansville, 1, 0000066
evening, 1, 0000026
evidence, 1, 0000077
evnsvlle, 1, 0000066
ex, 1, 0000038
example, 1, 0000039
examples, 1, 0000028
exceed, 2, 0000005, 0000010
except, 1, 0000098
excess, 3, 0000068, 0000077, 0000093
exchange, 10, 0000020, 0000038, 0000047, 0000054, 0000065, 0000075, 0000078, 0000083, 0000087, 0000096
exchangeable, 1, 0000033
exclude, 1, 0000008
excluding, 1, 0000052
exclusive, 2, 0000005, 0000012
exercisable, 1, 0000005
expand, 1, 0000078
expanded, 1, 0000097
expansion, 1, 0000097
expected, 8, 0000000, 0000014, 0000024, 0000027, 0000028, 0000035, 0000085, 0000092
expects, 4, 0000010, 0000024, 0000032, 0000092
expenditures, 1, 0000035
expenses, 1, 0000007
experience, 2, 0000010, 0000098
experiencing, 1, 0000000
expires, 1, 0000028
explain, 1, 0000095
export, 4, 0000000, 0000002, 0000011, 0000026
exporters, 2, 0000000, 0000048
exports, 2, 0000030, 0000045
exposure, 1, 0000078
express, 1, 0000078
extended, 6, 0000029, 0000068, 0000072, 0000077, 0000093, 0000094
extent, 1, 0000016
extraordinary, 3, 0000006, 0000062, 0000085
fabricator, 1, 0000044
facilities, 2, 0000003, 0000012
fact, 1, 0000078
factors, 1, 0000072
fair, 1, 0000092
fall, 5, 0000031, 0000050, 0000052, 0000084, 0000086
falling, 2, 0000010, 0000089
falls, 1, 0000049
farmerowned, 1, 0000001
farmers, 2, 0000000, 0000042
farmington, 1, 0000034
favorable, 2, 0000018, 0000024
feb, 99, 0000000, 0000001, 0000002, 0000003, 0000004, 0000005, 0000006, 0000007, 0000008, 0000009, 0000010, 0000011, 0000012, 0000013, 0000014, 0000015, 0000016, 0000017, 0000018, 0000020, 0000021, 0000022, 0000023, 0000024, 0000025, 0000026, 0000027, 0000028, 0000029, 0000030, 0000031, 0000032, 0000033, 0000034, 0000035, 0000036, 0000037, 0000038, 0000039, 0000040, 0000041, 0000042, 0000043, 0000044, 0000045, 0000046, 0000047, 0000048, 0000049, 0000050, 0000051, 0000052, 0000053, 0000054, 0000055, 0000056, 0000057, 0000058, 0000059, 0000060, 0000061, 0000062, 0000063, 0000064, 0000065, 0000066, 0000067, 0000068, 0000069, 0000070, 0000071, 0000072, 0000073, 0000074, 0000075, 0000076, 0000077, 0000078, 0000079, 0000080, 0000081, 0000082, 0000083, 0000084, 0000085, 0000086, 0000087, 0000088, 0000089, 0000090, 0000092, 0000093, 0000094, 0000095, 0000096, 0000097, 0000098, 0000099, 0000100
february, 13, 0000000, 0000001, 0000002, 0000007, 0000016, 0000030, 0000052, 0000053, 0000060, 0000073, 0000077, 0000079, 0000086
februarys, 1, 0000098
fed, 8, 0000049, 0000050, 0000053, 0000061, 0000063, 0000064, 0000071, 0000077
federal, 12, 0000041, 0000047, 0000052, 0000053, 0000068, 0000070, 0000071, 0000072, 0000077, 0000079, 0000093, 0000094
federally, 1, 0000033
feds, 1, 0000077
feed, 1, 0000084
feedgrain, 1, 0000001
fell, 3, 0000031, 0000052, 0000077
fertilizers, 1, 0000028
fetched, 1, 0000078
few, 1, 0000000
fewer, 1, 0000053
fgrp, 1, 0000042
field, 1, 0000003
figure, 1, 0000077
figures, 4, 0000000, 0000002, 0000045, 0000054
fiji, 1, 0000074
filed, 2, 0000020, 0000083
files, 1, 0000020
filing, 3, 0000065, 0000087, 0000096
final, 3, 0000000, 0000016, 0000029
finalized, 1, 0000016
finance, 3, 0000016, 0000040, 0000098
finances, 1, 0000098
financial, 4, 0000040, 0000047, 0000078, 0000083
financing, 4, 0000012, 0000016, 0000040, 0000098
find, 2, 0000028, 0000078
fire, 1, 0000097
firm, 3, 0000026, 0000078, 0000087
firmed, 1, 0000038
firmly, 1, 0000097
firms, 3, 0000045, 0000065, 0000096
first, 9, 0000007, 0000017, 0000020, 0000030, 0000033, 0000041, 0000073, 0000085, 0000087
fiscal, 4, 0000007, 0000010, 0000014, 0000035
fit, 1, 0000000
five, 8, 0000004, 0000005, 0000006, 0000038, 0000055, 0000056, 0000080, 0000099
fiveday, 1, 0000001
fixed, 2, 0000020, 0000030
fla, 2, 0000012, 0000047
flexibility, 1, 0000098
flexible, 1, 0000098
float, 4, 0000068, 0000072, 0000077, 0000094
flour, 1, 0000011
flow, 3, 0000014, 0000028, 0000098
fluctuate, 1, 0000080
fob, 1, 0000000
focus, 1, 0000097
follow, 1, 0000039
follows, 6, 0000001, 0000002, 0000016, 0000048, 0000073, 0000074
food, 1, 0000010
foods, 1, 0000010
ford, 1, 0000081
forecast, 1, 0000079
foreign, 6, 0000030, 0000031, 0000039, 0000040, 0000072, 0000098
forfeitures, 1, 0000097
form, 1, 0000011
formal, 1, 0000048
former, 1, 0000097
formerly, 1, 0000047
forms, 1, 0000005
fort, 1, 0000012
forward, 1, 0000006
four, 8, 0000008, 0000011, 0000015, 0000039, 0000078, 0000079, 0000092, 0000098
fourth, 3, 0000010, 0000028, 0000035
fourweek, 1, 0000079
free, 4, 0000064, 0000068, 0000077, 0000093
freight, 1, 0000038
friday, 3, 0000016, 0000052, 0000077
from, 34, 0000003, 0000004, 0000006, 0000008, 0000010, 0000011, 0000014, 0000016, 0000017, 0000024, 0000026, 0000031, 0000033, 0000035, 0000039, 0000048, 0000053, 0000062, 0000065, 0000066, 0000070, 0000074, 0000077, 0000078, 0000079, 0000080, 0000084, 0000085, 0000086, 0000087, 0000092, 0000096, 0000097, 0000098
froze, 1, 0000030
frozen, 1, 0000010
fuel, 2, 0000078, 0000097
full, 3, 0000028, 0000054, 0000059
fully, 1, 0000078
func, 1, 0000020
fund, 4, 0000033, 0000055, 0000056, 0000080
fundamental, 1, 0000096
funds, 5, 0000019, 0000037, 0000055, 0000072, 0000077
further, 5, 0000024, 0000030, 0000038, 0000073, 0000085
future, 5, 0000002, 0000005, 0000026, 0000078, 0000080
gabon, 1, 0000074
gain, 6, 0000006, 0000041, 0000043, 0000047, 0000062, 0000085
gains, 2, 0000018, 0000033
gao, 1, 0000097
garden, 1, 0000028
gas, 2, 0000044, 0000056
gats, 2, 0000041, 0000095
general, 1, 0000037
generated, 1, 0000005
generating, 1, 0000012
get, 1, 0000018
give, 1, 0000077
globally, 1, 0000078
gmt, 1, 0000053
go, 2, 0000028, 0000097
goes, 1, 0000078
going, 3, 0000000, 0000016, 0000078
gold, 1, 0000072
golden, 1, 0000099
good, 4, 0000000, 0000035, 0000078, 0000098
got, 1, 0000078
governent, 1, 0000098
government, 5, 0000032, 0000040, 0000066, 0000097, 0000098
governments, 1, 0000040
govts, 1, 0000071
grade, 1, 0000066
grain, 6, 0000001, 0000002, 0000066, 0000075, 0000086, 0000097
grainoilseed, 1, 0000002
grains, 1, 0000002
granted, 1, 0000040
graphics, 1, 0000035
group, 8, 0000018, 0000026, 0000042, 0000044, 0000048, 0000065, 0000078, 0000096
growing, 1, 0000024
growth, 7, 0000024, 0000028, 0000039, 0000069, 0000078, 0000084, 0000085
guarantee, 1, 0000036
guaranteed, 2, 0000033, 0000098
guarantees, 2, 0000036, 0000039
guatemala, 1, 0000074
guinea, 1, 0000074
gulf, 4, 0000038, 0000041, 0000066, 0000095
gulfex, 1, 0000044
guyana, 1, 0000074
had, 9, 0000014, 0000018, 0000028, 0000030, 0000039, 0000053, 0000077, 0000078, 0000089
hailed, 1, 0000030
haiti, 1, 0000074
half, 2, 0000053, 0000077
halt, 1, 0000030
handel, 1, 0000092
handler, 1, 0000073
hands, 2, 0000000, 0000028
handy, 1, 0000025
harman, 1, 0000025
harris, 1, 0000035
hartford, 2, 0000088, 0000092
harvesting, 1, 0000000
has, 16, 0000000, 0000003, 0000005, 0000010, 0000011, 0000014, 0000020, 0000026, 0000027, 0000029, 0000030, 0000035, 0000039, 0000066, 0000097, 0000098
have, 11, 0000000, 0000001, 0000003, 0000007, 0000016, 0000036, 0000039, 0000078, 0000089, 0000097, 0000098
he, 6, 0000010, 0000039, 0000040, 0000077, 0000078, 0000098
head, 1, 0000084
heavily, 2, 0000078, 0000097
heavy, 1, 0000078
held, 4, 0000000, 0000028, 0000077, 0000087
helms, 1, 0000097
help, 1, 0000005
helped, 1, 0000078
herbicides, 1, 0000028
herd, 1, 0000084
high, 5, 0000028, 0000077, 0000083, 0000084, 0000085
higher, 3, 0000007, 0000028, 0000078
highest, 1, 0000018
highly, 1, 0000078
highpressure, 1, 0000044
hills, 1, 0000100
hnh, 1, 0000025
hog, 1, 0000084
holders, 3, 0000014, 0000054, 0000082
holdings, 2, 0000005, 0000072
holdover, 1, 0000077
home, 1, 0000030
homes, 1, 0000018
honduras, 2, 0000036, 0000074
hong, 1, 0000087
hope, 1, 0000016
hopes, 1, 0000028
housing, 1, 0000018
houston, 4, 0000005, 0000041, 0000044, 0000095
houstonbased, 1, 0000044
how, 1, 0000000
howard, 1, 0000010
however, 4, 0000077, 0000078, 0000097, 0000098
hrs, 2, 0000032, 0000066
hrw, 1, 0000066
hughes, 1, 0000012
hughesconserdyne, 1, 0000012
humidity, 1, 0000000
hundred, 1, 0000000
hutton, 1, 0000078
ico, 2, 0000026, 0000048
if, 6, 0000005, 0000028, 0000039, 0000078, 0000097, 0000098
ii, 1, 0000001
iii, 1, 0000001
ill, 1, 0000066
illinois, 1, 0000038
immediately, 1, 0000013
impact, 3, 0000005, 0000077, 0000097
implications, 1, 0000003
import, 1, 0000029
importers, 1, 0000048
imports, 3, 0000029, 0000030, 0000074
improve, 1, 0000014
improved, 1, 0000014
improvement, 3, 0000010, 0000017, 0000085
improvements, 1, 0000005
improving, 1, 0000000
inc, 36, 0000003, 0000004, 0000005, 0000006, 0000007, 0000008, 0000009, 0000010, 0000012, 0000014, 0000015, 0000020, 0000021, 0000027, 0000028, 0000035, 0000041, 0000042, 0000043, 0000044, 0000047, 0000056, 0000057, 0000059, 0000060, 0000062, 0000068, 0000076, 0000078, 0000082, 0000085, 0000088, 0000092, 0000094, 0000095, 0000099
incentive, 1, 0000016
inch, 1, 0000073
include, 6, 0000003, 0000017, 0000045, 0000047, 0000048, 0000062
included, 2, 0000000, 0000038
includes, 9, 0000006, 0000025, 0000026, 0000033, 0000043, 0000055, 0000080, 0000098, 0000099
including, 10, 0000005, 0000007, 0000016, 0000027, 0000052, 0000068, 0000071, 0000072, 0000093, 0000094
income, 3, 0000016, 0000033, 0000098
increase, 8, 0000004, 0000005, 0000014, 0000024, 0000040, 0000069, 0000085, 0000097
increased, 2, 0000030, 0000037
increases, 1, 0000059
increasing, 1, 0000038
incs, 1, 0000027
ind, 1, 0000017
indexation, 1, 0000030
india, 1, 0000074
individual, 2, 0000028, 0000074
industrial, 2, 0000052, 0000087
industries, 5, 0000027, 0000044, 0000088, 0000092, 0000096
industry, 1, 0000097
inflation, 1, 0000030
informally, 1, 0000048
ingalls, 1, 0000028
initial, 3, 0000029, 0000055, 0000080
initially, 1, 0000030
initiative, 1, 0000011
insisting, 1, 0000098
installation, 1, 0000012
institute, 1, 0000037
institutional, 1, 0000037
institutions, 1, 0000077
interest, 5, 0000016, 0000024, 0000039, 0000081, 0000098
interested, 1, 0000028
intermediate, 1, 0000089
intermittently, 1, 0000016
internal, 1, 0000078
international, 6, 0000008, 0000026, 0000035, 0000048, 0000059, 0000078
interview, 1, 0000039
into, 2, 0000028, 0000078
introductions, 2, 0000035, 0000092
inventory, 1, 0000011
investing, 1, 0000078
investment, 7, 0000012, 0000016, 0000037, 0000065, 0000078, 0000087, 0000096
investments, 1, 0000087
investors, 1, 0000003
involved, 1, 0000028
involving, 1, 0000005
issue, 1, 0000020
issued, 1, 0000007
iv, 1, 0000001
ivaco, 2, 0000062, 0000085
ivory, 1, 0000074
jamaica, 1, 0000074
jan, 4, 0000008, 0000043, 0000070, 0000096
janeiro, 1, 0000030
january, 10, 0000000, 0000001, 0000018, 0000029, 0000031, 0000035, 0000047, 0000069, 0000074, 0000084
januarydecember, 1, 0000029
japan, 1, 0000010
jeffery, 1, 0000078
jesse, 1, 0000097
john, 1, 0000018
joint, 1, 0000098
joliet, 1, 0000038
jorge, 1, 0000098
jul, 1, 0000002
july, 2, 0000000, 0000001
jun, 1, 0000002
june, 1, 0000035
junejuly, 1, 0000000
kansas, 1, 0000066
kc, 1, 0000066
kenneth, 1, 0000010
kids, 1, 0000092
kilos, 1, 0000000
kinds, 1, 0000078
kingdom, 1, 0000010
knight, 1, 0000028
kokomo, 1, 0000017
kong, 1, 0000087
ky, 2, 0000009, 0000014
la, 1, 0000066
labels, 1, 0000005
lane, 1, 0000078
language, 1, 0000022
languished, 1, 0000028
large, 2, 0000039, 0000077
largest, 1, 0000028
larry, 1, 0000078
larsen, 1, 0000010
last, 13, 0000000, 0000007, 0000010, 0000016, 0000024, 0000030, 0000039, 0000045, 0000078, 0000085, 0000089, 0000092, 0000098
lasting, 1, 0000098
late, 5, 0000000, 0000003, 0000007, 0000010, 0000028
later, 2, 0000016, 0000083
latest, 6, 0000019, 0000043, 0000053, 0000077, 0000089, 0000098
lauderdale, 1, 0000012
lawn, 1, 0000028
lawns, 1, 0000028
laws, 1, 0000018
lb, 2, 0000013, 0000073
lbs, 1, 0000001
ldec, 1, 0000070
leading, 1, 0000030
least, 3, 0000024, 0000030, 0000097
led, 2, 0000065, 0000096
lehman, 2, 0000020, 0000078
lenghtening, 1, 0000098
less, 2, 0000077, 0000097
lesser, 1, 0000078
letter, 1, 0000077
level, 3, 0000001, 0000038, 0000079
levels, 3, 0000000, 0000084, 0000085
lewis, 1, 0000078
liabilities, 1, 0000071
liberty, 2, 0000055, 0000080
libor, 1, 0000098
licensee, 1, 0000005
licensees, 1, 0000007
licensing, 1, 0000010
lieb, 1, 0000090
liebert, 1, 0000090
life, 1, 0000017
lift, 1, 0000078
light, 2, 0000000, 0000089
like, 1, 0000028
likely, 3, 0000007, 0000097, 0000098
limited, 1, 0000000
limping, 1, 0000030
limps, 1, 0000030
line, 3, 0000010, 0000036, 0000089
lines, 1, 0000027
link, 1, 0000098
linoil, 1, 0000002
linseed, 1, 0000002
lipper, 1, 0000078
liquor, 1, 0000000
little, 1, 0000060
lo, 1, 0000066
load, 1, 0000075
loading, 1, 0000075
loadings, 2, 0000038, 0000086
loan, 6, 0000001, 0000016, 0000039, 0000047, 0000052, 0000097
loans, 7, 0000006, 0000050, 0000052, 0000068, 0000093, 0000094, 0000098
local, 1, 0000039
location, 1, 0000073
locations, 1, 0000073
london, 2, 0000026, 0000048
long, 4, 0000011, 0000054, 0000078, 0000085
los, 1, 0000042
loss, 10, 0000008, 0000015, 0000022, 0000025, 0000035, 0000041, 0000067, 0000088, 0000092, 0000099
lou, 1, 0000066
louis, 2, 0000038, 0000066
louisville, 2, 0000009, 0000014
low, 1, 0000073
lower, 6, 0000000, 0000007, 0000014, 0000038, 0000084, 0000098
lowered, 2, 0000003, 0000065
lowers, 1, 0000013
lp, 1, 0000028
ltd, 3, 0000010, 0000023, 0000087
lubbck, 1, 0000066
lubbock, 2, 0000066, 0000073
lubricating, 1, 0000044
lugano, 1, 0000005
madagascar, 1, 0000074
made, 5, 0000000, 0000012, 0000018, 0000077, 0000089
magma, 1, 0000013
maintain, 1, 0000039
maize, 1, 0000002
major, 4, 0000010, 0000052, 0000053, 0000092
majority, 1, 0000082
make, 3, 0000016, 0000078, 0000096
makes, 2, 0000005, 0000098
making, 2, 0000000, 0000033
malawi, 1, 0000074
managed, 1, 0000020
management, 5, 0000016, 0000028, 0000078, 0000096, 0000097
managements, 1, 0000028
mandatory, 2, 0000056, 0000083
mankowski, 1, 0000028
manuel, 1, 0000098
manufacture, 1, 0000044
mar, 1, 0000002
marathon, 1, 0000003
marcano, 1, 0000098
march, 23, 0000000, 0000002, 0000007, 0000014, 0000015, 0000016, 0000021, 0000022, 0000028, 0000034, 0000038, 0000046, 0000054, 0000055, 0000058, 0000059, 0000060, 0000073, 0000076, 0000080, 0000083, 0000097, 0000100
marchapril, 1, 0000000
marchmay, 1, 0000011
margin, 1, 0000098
marine, 1, 0000044
mariotime, 1, 0000027
mark, 1, 0000078
marked, 1, 0000053
market, 9, 0000005, 0000012, 0000019, 0000037, 0000066, 0000073, 0000078, 0000082, 0000089
markets, 1, 0000089
martinsville, 1, 0000046
matched, 2, 0000071, 0000072
matrix, 1, 0000005
mattress, 1, 0000007
matured, 1, 0000001
mauritius, 1, 0000074
may, 10, 0000000, 0000002, 0000007, 0000010, 0000038, 0000056, 0000078, 0000080, 0000082, 0000096
maybe, 1, 0000028
mcd, 1, 0000010
mcdonalds, 1, 0000010
mclean, 2, 0000027, 0000059
mcleans, 1, 0000027
meal, 1, 0000045
means, 1, 0000000
mechanisms, 1, 0000098
meet, 2, 0000039, 0000056
meeting, 6, 0000004, 0000016, 0000024, 0000026, 0000028, 0000078
meetings, 1, 0000098
member, 1, 0000045
members, 1, 0000045
memphis, 1, 0000066
memphiscairo, 1, 0000038
merchants, 2, 0000038, 0000075
merger, 2, 0000047, 0000090
meridian, 1, 0000076
mexico, 1, 0000074
mexicos, 1, 0000016
miami, 1, 0000047
miamibased, 1, 0000096
mich, 1, 0000081
michael, 2, 0000040, 0000078
microutility, 1, 0000012
mid, 1, 0000097
midday, 1, 0000000
middle, 1, 0000007
middlemen, 1, 0000000
middling, 1, 0000073
midnight, 1, 0000073
mids, 1, 0000028
might, 1, 0000078
mii, 1, 0000027
milk, 1, 0000010
mill, 1, 0000086
minimal, 1, 0000085
mining, 1, 0000013
minister, 2, 0000040, 0000098
ministry, 1, 0000098
minn, 2, 0000058, 0000099
minneapolis, 1, 0000066
minnetonka, 1, 0000058
minor, 1, 0000021
misses, 1, 0000077
mississippi, 1, 0000038
mkt, 1, 0000073
mln, 51, 0000000, 0000004, 0000005, 0000006, 0000007, 0000008, 0000009, 0000014, 0000015, 0000017, 0000018, 0000019, 0000020, 0000022, 0000023, 0000025, 0000026, 0000028, 0000030, 0000035, 0000036, 0000037, 0000040, 0000041, 0000042, 0000043, 0000047, 0000049, 0000050, 0000051, 0000052, 0000053, 0000054, 0000056, 0000063, 0000064, 0000065, 0000067, 0000077, 0000078, 0000079, 0000081, 0000083, 0000084, 0000085, 0000087, 0000088, 0000092, 0000095, 0000098, 0000099
modify, 1, 0000048
monday, 1, 0000077
monetary, 2, 0000068, 0000093
money, 6, 0000019, 0000037, 0000061, 0000070, 0000077, 0000079
month, 4, 0000002, 0000014, 0000087, 0000092
monthly, 2, 0000030, 0000070
months, 7, 0000016, 0000025, 0000026, 0000029, 0000030, 0000035, 0000048
montreal, 2, 0000062, 0000085
moodys, 1, 0000003
moratorium, 1, 0000039
morbelli, 1, 0000028
more, 3, 0000092, 0000096, 0000097
mortgage, 1, 0000033
morton, 1, 0000092
most, 1, 0000078
motor, 1, 0000081
move, 1, 0000078
moves, 1, 0000005
moving, 1, 0000079
mozambique, 1, 0000074
mpls, 1, 0000066
mrdn, 1, 0000076
mths, 4, 0000008, 0000009, 0000015, 0000043
much, 1, 0000000
multiple, 1, 0000078
municipalities, 1, 0000012
must, 2, 0000036, 0000098
mutual, 3, 0000019, 0000037, 0000065
na, 2, 0000001, 0000055
name, 2, 0000054, 0000059
named, 1, 0000000
nanot, 1, 0000001
nar, 1, 0000018
nars, 1, 0000018
national, 6, 0000001, 0000018, 0000045, 0000052, 0000053, 0000100
nationally, 1, 0000052
nations, 1, 0000039
nationwide, 1, 0000020
natl, 1, 0000001
natural, 1, 0000077
ncnb, 1, 0000047
nd, 1, 0000008
near, 1, 0000073
nearby, 1, 0000000
nearly, 1, 0000077
nearrecord, 1, 0000018
neb, 1, 0000033
need, 1, 0000078
needed, 1, 0000030
needs, 1, 0000040
negative, 3, 0000003, 0000077, 0000097
negotiate, 2, 0000026, 0000098
negotiated, 1, 0000098
negotiations, 2, 0000027, 0000039
net, 23, 0000006, 0000007, 0000008, 0000009, 0000015, 0000017, 0000022, 0000023, 0000025, 0000042, 0000043, 0000047, 0000054, 0000062, 0000064, 0000067, 0000068, 0000077, 0000088, 0000092, 0000093, 0000097, 0000099
nevis, 1, 0000074
new, 30, 0000000, 0000003, 0000013, 0000014, 0000015, 0000016, 0000020, 0000025, 0000026, 0000028, 0000030, 0000031, 0000035, 0000036, 0000039, 0000048, 0000051, 0000052, 0000053, 0000054, 0000065, 0000069, 0000074, 0000077, 0000078, 0000079, 0000087, 0000089, 0000092, 0000098
newmont, 1, 0000013
news, 1, 0000098
next, 5, 0000027, 0000032, 0000038, 0000040, 0000066
night, 1, 0000016
nil, 3, 0000002, 0000008, 0000074
nine, 5, 0000008, 0000009, 0000014, 0000030, 0000034
nj, 2, 0000027, 0000083
no, 7, 0000016, 0000038, 0000053, 0000077, 0000081, 0000083, 0000098
nonborrowed, 2, 0000068, 0000093
nonrestructured, 1, 0000098
norfphil, 1, 0000066
normal, 1, 0000000
north, 2, 0000011, 0000032
northern, 2, 0000073, 0000091
not, 11, 0000000, 0000005, 0000006, 0000018, 0000028, 0000039, 0000040, 0000078, 0000085, 0000095, 0000097
note, 14, 0000006, 0000008, 0000015, 0000017, 0000022, 0000025, 0000043, 0000047, 0000054, 0000055, 0000059, 0000062, 0000082, 0000099
noted, 1, 0000028
notes, 1, 0000020
noting, 2, 0000007, 0000077
nov, 1, 0000070
novebmer, 1, 0000055
november, 2, 0000018, 0000080
now, 4, 0000000, 0000030, 0000082, 0000098
nspa, 1, 0000045
number, 2, 0000016, 0000077
numbers, 1, 0000084
nv, 1, 0000005
ny, 5, 0000004, 0000005, 0000050, 0000053, 0000067
nz, 2, 0000031, 0000069
oats, 2, 0000001, 0000066
objective, 1, 0000039
obod, 1, 0000021
observer, 1, 0000039
obtain, 1, 0000016
obtained, 1, 0000097
obtaining, 1, 0000000
occur, 1, 0000005
occurred, 1, 0000053
oct, 1, 0000001
octdec, 1, 0000000
october, 1, 0000030
off, 1, 0000010
offer, 4, 0000000, 0000011, 0000028, 0000098
offered, 3, 0000028, 0000038, 0000066
offering, 3, 0000020, 0000062, 0000083
offers, 1, 0000028
office, 1, 0000097
officer, 1, 0000078
official, 2, 0000031, 0000097
officials, 2, 0000028, 0000078
offset, 1, 0000041
ohio, 3, 0000007, 0000038, 0000090
oil, 6, 0000002, 0000003, 0000016, 0000044, 0000089, 0000098
oilseed, 1, 0000002
oilseeds, 1, 0000002
ok, 1, 0000082
old, 3, 0000000, 0000018, 0000035
omaha, 1, 0000033
omalley, 1, 0000024
omb, 1, 0000097
omt, 1, 0000007
one, 23, 0000003, 0000005, 0000009, 0000014, 0000016, 0000022, 0000030, 0000046, 0000048, 0000059, 0000067, 0000068, 0000070, 0000071, 0000072, 0000076, 0000077, 0000078, 0000081, 0000083, 0000085, 0000094, 0000098
only, 5, 0000000, 0000045, 0000066, 0000078, 0000098
ontario, 1, 0000023
open, 2, 0000000, 0000077
opening, 1, 0000028
oper, 1, 0000008
operating, 5, 0000008, 0000035, 0000041, 0000078, 0000092
operation, 1, 0000005
operations, 7, 0000014, 0000032, 0000041, 0000055, 0000080, 0000095, 0000096
option, 1, 0000078
optional, 1, 0000056
or, 20, 0000006, 0000007, 0000008, 0000014, 0000016, 0000017, 0000024, 0000025, 0000028, 0000035, 0000047, 0000054, 0000062, 0000065, 0000077, 0000078, 0000087, 0000089, 0000096, 0000097
orange, 1, 0000083
orders, 1, 0000035
organization, 3, 0000026, 0000048, 0000092
original, 1, 0000098
originally, 1, 0000016
other, 6, 0000016, 0000071, 0000073, 0000078, 0000092, 0000098
others, 1, 0000078
ottawa, 1, 0000040
our, 1, 0000010
out, 3, 0000028, 0000078, 0000097
outlays, 1, 0000097
outlined, 1, 0000078
outlook, 2, 0000014, 0000038
output, 1, 0000084
outright, 1, 0000071
outstanding, 5, 0000005, 0000007, 0000052, 0000065, 0000087
over, 6, 0000000, 0000016, 0000032, 0000035, 0000089, 0000098
overall, 2, 0000010, 0000077
overthecounter, 1, 0000028
owed, 1, 0000041
owens, 1, 0000021
owensborosouth, 1, 0000038
own, 2, 0000039, 0000098
owned, 2, 0000018, 0000087
pace, 2, 0000018, 0000035
pacific, 1, 0000087
package, 1, 0000016
pact, 2, 0000012, 0000016
paid, 2, 0000011, 0000014
pan, 1, 0000047
panama, 2, 0000032, 0000074
panel, 1, 0000016
paper, 3, 0000044, 0000049, 0000052
papua, 1, 0000074
paraguay, 1, 0000074
parliament, 1, 0000040
parliamentary, 1, 0000040
part, 4, 0000000, 0000005, 0000078, 0000081
partial, 1, 0000078
partially, 1, 0000078
particularly, 1, 0000085
party, 1, 0000039
past, 1, 0000078
patch, 1, 0000092
patti, 1, 0000078
pay, 9, 0000005, 0000021, 0000046, 0000057, 0000058, 0000060, 0000076, 0000098, 0000100
payable, 9, 0000014, 0000015, 0000022, 0000034, 0000054, 0000055, 0000059, 0000080, 0000081
payment, 4, 0000003, 0000008, 0000073, 0000081
payments, 4, 0000030, 0000039, 0000097, 0000098
payout, 5, 0000014, 0000033, 0000060, 0000076, 0000080
pct, 25, 0000005, 0000007, 0000010, 0000014, 0000016, 0000018, 0000024, 0000030, 0000035, 0000038, 0000039, 0000047, 0000056, 0000065, 0000069, 0000077, 0000078, 0000081, 0000082, 0000084, 0000086, 0000087, 0000096, 0000097, 0000098
peninsula, 1, 0000047
penn, 1, 0000076
peoria, 1, 0000066
per, 16, 0000000, 0000001, 0000005, 0000006, 0000008, 0000011, 0000024, 0000028, 0000033, 0000043, 0000047, 0000054, 0000055, 0000066, 0000073, 0000080
percentage, 2, 0000038, 0000078
performance, 2, 0000010, 0000078
period, 10, 0000000, 0000010, 0000031, 0000035, 0000040, 0000053, 0000055, 0000069, 0000077, 0000080
periods, 2, 0000008, 0000017
permit, 1, 0000040
perrin, 1, 0000078
peru, 1, 0000074
pesos, 1, 0000054
pesticides, 1, 0000028
petrochemical, 1, 0000044
phi, 1, 0000054
phil, 1, 0000066
philippine, 1, 0000054
philippines, 1, 0000074
photovoltaic, 1, 0000012
pik, 1, 0000066
pillsbury, 1, 0000011
pipeline, 2, 0000041, 0000095
place, 2, 0000016, 0000078
plan, 2, 0000005, 0000030
plans, 3, 0000078, 0000096, 0000098
plata, 1, 0000039
plunged, 1, 0000030
pockets, 1, 0000039
point, 1, 0000083
pointed, 1, 0000028
points, 1, 0000038
polarizations, 1, 0000029
polled, 1, 0000079
pom, 1, 0000043
poor, 1, 0000077
pork, 1, 0000084
port, 1, 0000066
portion, 2, 0000018, 0000039
portland, 2, 0000066, 0000075
ports, 1, 0000000
position, 1, 0000078
positioned, 1, 0000003
positions, 1, 0000078
positive, 1, 0000098
possible, 2, 0000078, 0000098
post, 1, 0000095
posted, 1, 0000089
postponed, 2, 0000026, 0000039
potomac, 1, 0000043
power, 2, 0000012, 0000043
practically, 1, 0000000
preclude, 1, 0000078
preferred, 2, 0000003, 0000008
premium, 1, 0000078
prepared, 3, 0000039, 0000092, 0000098
preparing, 1, 0000097
prescott, 1, 0000028
present, 1, 0000026
presenting, 1, 0000048
presently, 1, 0000098
president, 4, 0000010, 0000024, 0000078, 0000092
presidential, 1, 0000017
press, 2, 0000077, 0000098
pressure, 1, 0000085
prev, 1, 0000002
prevailing, 1, 0000073
previous, 6, 0000029, 0000045, 0000070, 0000079, 0000085, 0000086
previously, 4, 0000018, 0000024, 0000036, 0000040
price, 9, 0000001, 0000005, 0000013, 0000028, 0000066, 0000073, 0000081, 0000085, 0000089
priced, 1, 0000066
prices, 5, 0000000, 0000001, 0000030, 0000084, 0000089
primarily, 1, 0000092
primary, 1, 0000054
prime, 1, 0000039
principal, 4, 0000056, 0000081, 0000083, 0000098
principally, 1, 0000087
principle, 2, 0000016, 0000027
printers, 1, 0000005
prior, 15, 0000008, 0000010, 0000014, 0000015, 0000021, 0000022, 0000028, 0000034, 0000046, 0000053, 0000057, 0000059, 0000060, 0000076, 0000077
prioryear, 1, 0000035
private, 1, 0000098
pro, 1, 0000081
probably, 2, 0000010, 0000078
problems, 1, 0000077
proceed, 1, 0000040
proceeds, 1, 0000081
process, 1, 0000044
processor, 1, 0000010
processors, 2, 0000000, 0000045
produce, 1, 0000039
produced, 1, 0000077
producer, 2, 0000026, 0000048
producers, 2, 0000026, 0000048
producing, 2, 0000026, 0000073
product, 5, 0000005, 0000035, 0000086, 0000089, 0000092
production, 2, 0000003, 0000084
products, 4, 0000002, 0000004, 0000085, 0000092
profit, 11, 0000003, 0000008, 0000015, 0000022, 0000025, 0000067, 0000078, 0000085, 0000088, 0000092, 0000099
profitability, 1, 0000092
profitable, 1, 0000078
profits, 4, 0000007, 0000014, 0000028, 0000035
program, 3, 0000011, 0000040, 0000097
programs, 1, 0000097
progress, 1, 0000016
progressing, 1, 0000098
project, 1, 0000010
projected, 2, 0000084, 0000092
projection, 1, 0000010
projections, 2, 0000077, 0000084
prolific, 1, 0000003
proposal, 3, 0000026, 0000048, 0000098
proposals, 1, 0000098
proposed, 2, 0000020, 0000048
proposes, 1, 0000091
prospects, 2, 0000000, 0000035
provide, 1, 0000024
provides, 1, 0000010
prudentialbache, 1, 0000078
public, 3, 0000012, 0000078, 0000098
publicly, 1, 0000087
published, 2, 0000000, 0000098
pulp, 1, 0000044
purchase, 3, 0000005, 0000082, 0000083
purchases, 1, 0000011
purpose, 1, 0000037
purposes, 1, 0000087
purusant, 1, 0000047
put, 1, 0000016
qtly, 10, 0000021, 0000022, 0000034, 0000046, 0000054, 0000055, 0000057, 0000058, 0000060, 0000076
qtr, 15, 0000006, 0000007, 0000008, 0000009, 0000010, 0000015, 0000017, 0000022, 0000023, 0000025, 0000042, 0000047, 0000067, 0000088, 0000099
qtrly, 1, 0000059
qualities, 1, 0000073
quality, 2, 0000000, 0000073
quarter, 7, 0000007, 0000010, 0000014, 0000028, 0000035, 0000041, 0000085
quarterly, 3, 0000014, 0000046, 0000080
quarters, 1, 0000085
questioned, 1, 0000078
quick, 1, 0000016
quickly, 1, 0000098
quota, 4, 0000026, 0000029, 0000048, 0000074
quotas, 1, 0000026
quoted, 2, 0000038, 0000054
quotes, 1, 0000038
radical, 1, 0000039
radio, 2, 0000015, 0000039
railroads, 1, 0000086
raised, 2, 0000087, 0000096
raises, 4, 0000021, 0000058, 0000096, 0000100
raising, 1, 0000014
range, 3, 0000010, 0000035, 0000078
ranged, 1, 0000077
rata, 1, 0000081
rate, 9, 0000016, 0000018, 0000020, 0000028, 0000030, 0000054, 0000072, 0000080, 0000098
rates, 7, 0000001, 0000014, 0000016, 0000024, 0000028, 0000038, 0000073
ratex, 1, 0000001
ratings, 1, 0000003
raul, 1, 0000039
raw, 1, 0000074
rbsn, 1, 0000096
reach, 1, 0000085
reading, 1, 0000076
ready, 1, 0000028
realistic, 1, 0000078
realtors, 1, 0000018
realty, 1, 0000018
reason, 2, 0000077, 0000078
reasonable, 1, 0000092
reasons, 1, 0000014
rebuffed, 1, 0000016
receive, 1, 0000090
received, 2, 0000029, 0000082
recent, 4, 0000000, 0000003, 0000035, 0000085
recently, 1, 0000096
recommend, 2, 0000004, 0000096
record, 18, 0000004, 0000014, 0000015, 0000018, 0000021, 0000022, 0000034, 0000041, 0000046, 0000054, 0000055, 0000057, 0000058, 0000059, 0000060, 0000076, 0000080, 0000100
recorded, 1, 0000024
redeem, 2, 0000056, 0000081
redeemable, 2, 0000081, 0000083
redeeming, 1, 0000056
redeems, 1, 0000056
redemption, 3, 0000056, 0000066, 0000081
redistributions, 1, 0000026
reduce, 2, 0000016, 0000084
reduced, 1, 0000078
reduces, 1, 0000036
reduction, 3, 0000016, 0000089, 0000098
reflect, 1, 0000078
reflects, 1, 0000001
reform, 1, 0000010
regional, 1, 0000077
regionals, 1, 0000077
registered, 2, 0000000, 0000036
registration, 1, 0000083
registrations, 1, 0000002
regular, 4, 0000032, 0000057, 0000060, 0000076
regularly, 1, 0000028
regulatory, 1, 0000027
reintroducing, 1, 0000026
reject, 1, 0000039
related, 3, 0000007, 0000077, 0000078
relatively, 1, 0000077
release, 2, 0000001, 0000069
released, 3, 0000052, 0000053, 0000097
reluctant, 1, 0000000
remain, 1, 0000035
remained, 1, 0000078
remains, 1, 0000097
removal, 1, 0000028
renegotiating, 1, 0000039
reorganization, 1, 0000005
rep, 1, 0000074
repayment, 1, 0000098
repayments, 1, 0000016
repeat, 1, 0000030
repeated, 1, 0000010
replace, 1, 0000012
report, 11, 0000007, 0000016, 0000032, 0000068, 0000070, 0000071, 0000072, 0000084, 0000093, 0000094, 0000097
reported, 10, 0000001, 0000010, 0000014, 0000024, 0000029, 0000035, 0000084, 0000085, 0000086, 0000092
reporting, 2, 0000035, 0000045
reports, 2, 0000007, 0000032
representatives, 1, 0000016
repurchasesnil, 1, 0000071
req, 2, 0000068, 0000094
request, 3, 0000016, 0000039, 0000097
requested, 1, 0000016
required, 3, 0000068, 0000082, 0000093
requirements, 1, 0000056
requiring, 1, 0000083
res, 1, 0000094
reschedule, 1, 0000098
rescheduling, 2, 0000016, 0000098
research, 2, 0000022, 0000035
reserve, 13, 0000001, 0000031, 0000052, 0000053, 0000068, 0000069, 0000070, 0000071, 0000072, 0000077, 0000079, 0000093, 0000094
reserves, 7, 0000001, 0000031, 0000040, 0000064, 0000068, 0000077, 0000093
reservesna, 1, 0000068
residential, 1, 0000028
resist, 1, 0000028
resna, 1, 0000068
resources, 1, 0000043
responsibility, 1, 0000098
restored, 1, 0000000
restructured, 1, 0000098
restructuring, 2, 0000014, 0000025
result, 2, 0000039, 0000085
results, 5, 0000007, 0000008, 0000017, 0000062, 0000092
resumption, 2, 0000026, 0000048
return, 4, 0000003, 0000024, 0000033, 0000092
reuterauthor, 1, 0000078
reuters, 2, 0000079, 0000097
reutersauthor, 1, 0000028
rev, 1, 0000025
revenues, 2, 0000035, 0000085
reversal, 1, 0000030
review, 1, 0000000
revised, 2, 0000070, 0000079
revisions, 1, 0000016
revs, 13, 0000008, 0000009, 0000015, 0000017, 0000022, 0000042, 0000043, 0000047, 0000054, 0000062, 0000067, 0000088, 0000099
rica, 1, 0000074
richmond, 1, 0000021
right, 1, 0000005
rights, 1, 0000005
rio, 1, 0000030
rise, 2, 0000069, 0000079
rises, 3, 0000028, 0000061, 0000069
river, 1, 0000038
rnc, 1, 0000097
road, 1, 0000078
robeson, 1, 0000096
robesons, 1, 0000096
rochester, 1, 0000004
rock, 1, 0000060
rol, 1, 0000028
rollins, 1, 0000028
rose, 7, 0000000, 0000019, 0000035, 0000037, 0000069, 0000079, 0000085
rosemarie, 1, 0000028
routine, 1, 0000000
rules, 1, 0000098
ruling, 1, 0000039
rumor, 1, 0000078
rumors, 1, 0000078
run, 1, 0000035
running, 1, 0000035
ryan, 2, 0000010, 0000083
rye, 1, 0000066
said, 56, 0000000, 0000003, 0000004, 0000005, 0000007, 0000010, 0000011, 0000012, 0000013, 0000014, 0000016, 0000018, 0000020, 0000024, 0000026, 0000027, 0000028, 0000029, 0000030, 0000031, 0000032, 0000033, 0000035, 0000036, 0000037, 0000038, 0000039, 0000040, 0000041, 0000044, 0000045, 0000048, 0000052, 0000053, 0000056, 0000065, 0000069, 0000074, 0000077, 0000078, 0000079, 0000080, 0000081, 0000082, 0000083, 0000084, 0000085, 0000086, 0000087, 0000089, 0000090, 0000092, 0000095, 0000096, 0000097, 0000098
sale, 4, 0000005, 0000011, 0000043, 0000095
sales, 11, 0000000, 0000007, 0000010, 0000014, 0000018, 0000023, 0000036, 0000071, 0000072, 0000085, 0000092
salvador, 2, 0000000, 0000074
same, 5, 0000000, 0000010, 0000038, 0000086, 0000098
santa, 1, 0000006
savings, 1, 0000047
saviour, 1, 0000030
say, 2, 0000028, 0000098
says, 6, 0000018, 0000049, 0000050, 0000061, 0000063, 0000064
scarborough, 1, 0000023
schedule, 1, 0000098
scheduled, 6, 0000026, 0000028, 0000032, 0000039, 0000052, 0000097
schedules, 1, 0000016
schemes, 1, 0000098
schlang, 1, 0000028
sealy, 1, 0000007
season, 1, 0000000
seasonal, 3, 0000068, 0000093, 0000094
seasonally, 3, 0000018, 0000069, 0000079
seattle, 1, 0000066
second, 5, 0000014, 0000035, 0000039, 0000053, 0000077
secondary, 1, 0000062
section, 1, 0000038
sector, 1, 0000098
securities, 8, 0000003, 0000020, 0000065, 0000077, 0000078, 0000083, 0000087, 0000096
sedio, 1, 0000005
seeking, 3, 0000018, 0000040, 0000098
seeks, 2, 0000040, 0000098
seemed, 1, 0000030
seems, 1, 0000000
seen, 2, 0000078, 0000084
sees, 5, 0000010, 0000024, 0000041, 0000085, 0000092
segment, 1, 0000003
selected, 1, 0000081
selfcontained, 1, 0000012
sell, 1, 0000078
sellers, 1, 0000018
selling, 2, 0000000, 0000078
sells, 2, 0000041, 0000095
sen, 1, 0000097
senate, 1, 0000097
senior, 2, 0000003, 0000016
sense, 1, 0000078
separated, 1, 0000077
sept, 1, 0000000
septdec, 1, 0000038
september, 2, 0000026, 0000036
septnov, 1, 0000038
series, 1, 0000056
sernior, 1, 0000082
service, 6, 0000003, 0000027, 0000029, 0000030, 0000043, 0000066
servicemaster, 1, 0000028
services, 1, 0000078
session, 2, 0000038, 0000048
set, 3, 0000016, 0000018, 0000029
sets, 7, 0000014, 0000027, 0000033, 0000046, 0000076, 0000080, 0000083
seven, 7, 0000003, 0000007, 0000008, 0000014, 0000035, 0000075, 0000099
several, 2, 0000016, 0000078
sevice, 1, 0000028
shamrock, 1, 0000089
share, 15, 0000005, 0000007, 0000010, 0000014, 0000024, 0000025, 0000028, 0000035, 0000043, 0000047, 0000055, 0000062, 0000080, 0000090, 0000092
shareholder, 2, 0000010, 0000090
shareholders, 5, 0000004, 0000022, 0000024, 0000080, 0000090
shareout, 1, 0000048
shares, 9, 0000004, 0000005, 0000014, 0000028, 0000065, 0000082, 0000087, 0000090, 0000096
she, 1, 0000028
shearson, 2, 0000020, 0000078
shearsons, 1, 0000078
shipment, 2, 0000000, 0000011
shipments, 1, 0000002
shipped, 1, 0000036
shippers, 1, 0000000
ships, 3, 0000032, 0000038, 0000075
shock, 1, 0000016
short, 2, 0000029, 0000074
shortages, 1, 0000030
shortfall, 2, 0000026, 0000048
shortly, 1, 0000097
shot, 1, 0000028
should, 5, 0000010, 0000039, 0000079, 0000085, 0000097
show, 3, 0000002, 0000085, 0000097
showers, 1, 0000000
showing, 1, 0000002
shown, 1, 0000098
shr, 17, 0000006, 0000008, 0000009, 0000015, 0000017, 0000022, 0000023, 0000025, 0000042, 0000043, 0000047, 0000054, 0000062, 0000067, 0000088, 0000099, 0000100
shrs, 6, 0000008, 0000023, 0000042, 0000043, 0000067, 0000099
signed, 1, 0000016
significant, 2, 0000003, 0000018
signs, 1, 0000012
silent, 1, 0000078
since, 4, 0000000, 0000018, 0000030, 0000078
singer, 1, 0000096
single, 2, 0000077, 0000092
sinking, 1, 0000056
situation, 1, 0000030
six, 6, 0000008, 0000035, 0000062, 0000075, 0000077, 0000083
slightly, 3, 0000010, 0000069, 0000084
slm, 1, 0000073
slowed, 2, 0000028, 0000097
small, 1, 0000077
smallest, 1, 0000077
smith, 1, 0000000
snyder, 1, 0000028
soaring, 1, 0000030
software, 1, 0000082
sold, 6, 0000000, 0000005, 0000020, 0000041, 0000065, 0000095
solidarity, 1, 0000098
solution, 1, 0000098
some, 3, 0000000, 0000016, 0000078
sorg, 1, 0000066
sorghum, 3, 0000001, 0000002, 0000066
sought, 1, 0000016
source, 1, 0000097
sources, 3, 0000012, 0000097, 0000098
south, 3, 0000027, 0000032, 0000038
soyb, 1, 0000066
soybean, 2, 0000002, 0000045
soybeans, 1, 0000045
special, 4, 0000025, 0000033, 0000055, 0000080
specialized, 1, 0000044
specific, 1, 0000097
speculated, 1, 0000078
spinning, 1, 0000078
spinnoff, 1, 0000078
spinoff, 1, 0000078
splinter, 1, 0000048
split, 4, 0000004, 0000014, 0000078, 0000091
spokeman, 1, 0000077
spokesman, 2, 0000053, 0000077
spokeswoman, 2, 0000028, 0000089
spot, 2, 0000000, 0000073
spread, 1, 0000098
srw, 1, 0000066
ssw, 1, 0000082
st, 3, 0000007, 0000038, 0000066
stabilization, 1, 0000066
stable, 1, 0000024
stage, 1, 0000000
stake, 3, 0000065, 0000087, 0000096
stamford, 1, 0000057
stamp, 1, 0000016
standard, 1, 0000024
standing, 1, 0000000
start, 1, 0000084
statement, 6, 0000028, 0000040, 0000053, 0000077, 0000083, 0000092
states, 1, 0000027
station, 2, 0000038, 0000039
statistical, 2, 0000031, 0000069
stchristopher, 1, 0000074
steady, 1, 0000038
stearns, 1, 0000012
steel, 2, 0000003, 0000085
steep, 1, 0000092
steering, 1, 0000039
sterling, 1, 0000082
still, 3, 0000000, 0000016, 0000048
stock, 14, 0000003, 0000004, 0000005, 0000007, 0000014, 0000028, 0000065, 0000072, 0000078, 0000082, 0000083, 0000087, 0000090, 0000091
stockholders, 1, 0000015
stockpile, 1, 0000097
stocks, 2, 0000005, 0000066
stockton, 1, 0000066
strangely, 1, 0000077
street, 1, 0000028
strict, 1, 0000073
striking, 1, 0000016
strohmaier, 1, 0000028
strong, 5, 0000010, 0000014, 0000028, 0000035, 0000078
study, 2, 0000096, 0000097
studying, 1, 0000098
subject, 3, 0000027, 0000029, 0000095
subordinated, 3, 0000020, 0000082, 0000083
subproducts, 1, 0000002
subsequent, 1, 0000085
subsidiaries, 1, 0000095
subsidiary, 4, 0000013, 0000027, 0000035, 0000090
substantial, 1, 0000085
substantially, 2, 0000007, 0000014
successes, 1, 0000016
such, 2, 0000012, 0000078
sudden, 1, 0000016
sufficient, 2, 0000030, 0000040
sugar, 2, 0000029, 0000074
suggest, 1, 0000097
suggests, 2, 0000078, 0000097
sum, 1, 0000073
sunflowerseed, 1, 0000002
sunoil, 1, 0000002
super, 1, 0000032
superior, 1, 0000000
supply, 4, 0000038, 0000061, 0000070, 0000079
surplus, 1, 0000030
surpluses, 1, 0000030
surprise, 1, 0000028
surprising, 1, 0000018
suspend, 2, 0000039, 0000098
suspension, 1, 0000016
svm, 1, 0000028
swaziland, 1, 0000074
swift, 1, 0000016
swing, 1, 0000092
switched, 1, 0000036
switzerland, 1, 0000005
sww, 1, 0000066
syst, 1, 0000060
system, 3, 0000028, 0000056, 0000077
systematics, 1, 0000060
systems, 4, 0000005, 0000012, 0000044, 0000056
tags, 1, 0000005
taiwan, 1, 0000074
take, 1, 0000039
takes, 1, 0000078
talk, 1, 0000078
talks, 4, 0000016, 0000039, 0000048, 0000098
tankers, 1, 0000032
target, 1, 0000030
targeted, 1, 0000039
targets, 1, 0000039
tariff, 1, 0000038
tax, 5, 0000006, 0000010, 0000014, 0000018, 0000025
taxes, 1, 0000041
technolgy, 1, 0000005
technologies, 2, 0000041, 0000095
technology, 1, 0000005
telecom, 1, 0000091
telephone, 2, 0000039, 0000054
temporao, 1, 0000000
temporary, 1, 0000040
tender, 1, 0000028
terminal, 4, 0000005, 0000041, 0000066, 0000095
terminals, 1, 0000005
terms, 4, 0000016, 0000027, 0000078, 0000090
territory, 1, 0000043
tex, 2, 0000005, 0000066
texas, 3, 0000022, 0000073, 0000089
th, 13, 0000006, 0000009, 0000010, 0000015, 0000017, 0000022, 0000023, 0000025, 0000042, 0000047, 0000067, 0000088, 0000099
thailand, 1, 0000074
than, 8, 0000007, 0000017, 0000028, 0000030, 0000053, 0000078, 0000083, 0000097
their, 6, 0000000, 0000002, 0000016, 0000039, 0000048, 0000065
then, 2, 0000030, 0000097
there, 8, 0000000, 0000028, 0000030, 0000032, 0000040, 0000075, 0000077, 0000098
thereby, 1, 0000078
these, 3, 0000007, 0000012, 0000066
they, 8, 0000016, 0000026, 0000028, 0000048, 0000065, 0000077, 0000078, 0000098
theyre, 1, 0000078
theyve, 1, 0000078
think, 2, 0000028, 0000078
third, 1, 0000014
thirdquarter, 1, 0000010
those, 6, 0000002, 0000003, 0000010, 0000016, 0000038, 0000085
thousand, 1, 0000000
thousands, 2, 0000002, 0000028
three, 9, 0000016, 0000022, 0000025, 0000029, 0000055, 0000060, 0000067, 0000078, 0000080
threefortwo, 1, 0000014
through, 6, 0000001, 0000020, 0000055, 0000066, 0000073, 0000092
throughout, 1, 0000000
thursday, 1, 0000077
thursdays, 2, 0000040, 0000077
ticket, 1, 0000005
time, 4, 0000005, 0000032, 0000077, 0000098
times, 2, 0000000, 0000028
tka, 1, 0000058
today, 7, 0000014, 0000016, 0000028, 0000032, 0000038, 0000089, 0000098
todays, 1, 0000039
told, 6, 0000010, 0000024, 0000039, 0000077, 0000097, 0000098
toledo, 1, 0000066
tomorrow, 3, 0000026, 0000032, 0000048
tonight, 1, 0000048
tonka, 1, 0000058
tonne, 1, 0000000
tonnes, 4, 0000002, 0000011, 0000045, 0000084
tons, 3, 0000011, 0000029, 0000074
too, 2, 0000010, 0000098
toronto, 1, 0000024
total, 12, 0000000, 0000002, 0000005, 0000045, 0000065, 0000068, 0000069, 0000078, 0000087, 0000093, 0000094, 0000096
totaled, 2, 0000029, 0000086
totalled, 1, 0000086
totalling, 1, 0000026
totally, 1, 0000028
towards, 1, 0000030
toy, 1, 0000092
track, 1, 0000066
trade, 3, 0000000, 0000030, 0000084
traded, 1, 0000038
trading, 2, 0000028, 0000069
transaction, 1, 0000041
transfer, 1, 0000027
transit, 1, 0000032
transport, 1, 0000027
transportation, 1, 0000077
travel, 1, 0000078
treasury, 3, 0000040, 0000068, 0000094
treatment, 1, 0000018
trinidadtobago, 1, 0000074
true, 1, 0000078
trustco, 1, 0000024
try, 2, 0000026, 0000028
ttx, 1, 0000046
tuccillo, 1, 0000018
tuesday, 2, 0000077, 0000078
tultex, 1, 0000046
turben, 1, 0000028
two, 16, 0000008, 0000016, 0000022, 0000028, 0000032, 0000033, 0000035, 0000055, 0000058, 0000064, 0000068, 0000077, 0000080, 0000089, 0000093, 0000094
twoforone, 2, 0000004, 0000091
twoweek, 2, 0000053, 0000077
typically, 1, 0000007
unable, 1, 0000028
unch, 2, 0000071, 0000072
unchanged, 1, 0000026
under, 9, 0000000, 0000005, 0000018, 0000030, 0000036, 0000040, 0000077, 0000090, 0000098
undertaking, 1, 0000026
undervalued, 1, 0000078
underwriters, 1, 0000020
underwritten, 1, 0000083
undisclosed, 1, 0000044
unhappy, 1, 0000078
unilateral, 1, 0000016
union, 1, 0000020
unit, 5, 0000012, 0000018, 0000033, 0000062, 0000066
united, 3, 0000010, 0000017, 0000027
units, 4, 0000003, 0000018, 0000041, 0000095
universal, 1, 0000017
unless, 1, 0000098
unlikely, 1, 0000078
unrelated, 1, 0000077
unsecured, 1, 0000003
until, 2, 0000026, 0000077
up, 19, 0000003, 0000005, 0000010, 0000016, 0000018, 0000024, 0000026, 0000028, 0000035, 0000038, 0000068, 0000070, 0000071, 0000077, 0000078, 0000079, 0000084, 0000094, 0000097
upco, 1, 0000017
upland, 1, 0000073
ups, 2, 0000014, 0000087
uruguay, 2, 0000000, 0000074
us, 24, 0000000, 0000001, 0000010, 0000011, 0000027, 0000028, 0000029, 0000032, 0000036, 0000037, 0000045, 0000049, 0000061, 0000063, 0000064, 0000066, 0000073, 0000074, 0000077, 0000079, 0000084, 0000085, 0000086, 0000089
usa, 1, 0000080
usda, 6, 0000011, 0000029, 0000073, 0000074, 0000084, 0000097
use, 3, 0000039, 0000040, 0000078
used, 1, 0000073
using, 1, 0000012
usx, 1, 0000003
usxs, 1, 0000003
utility, 2, 0000012, 0000044
va, 3, 0000021, 0000046, 0000059
vacant, 1, 0000078
valley, 1, 0000099
valuable, 1, 0000028
valuations, 1, 0000078
value, 5, 0000030, 0000035, 0000074, 0000078, 0000085
values, 1, 0000066
variation, 1, 0000078
various, 2, 0000010, 0000027
vault, 2, 0000068, 0000094
vegetable, 2, 0000002, 0000010
venezuela, 2, 0000016, 0000098
venezuelan, 2, 0000016, 0000098
venezuelas, 1, 0000098
versus, 2, 0000029, 0000038
very, 1, 0000078
vessel, 1, 0000038
vessels, 2, 0000032, 0000044
vi, 1, 0000001
vice, 1, 0000092
view, 1, 0000000
virginia, 1, 0000043
volume, 1, 0000078
voted, 1, 0000004
vs, 33, 0000006, 0000008, 0000009, 0000015, 0000017, 0000021, 0000022, 0000023, 0000025, 0000034, 0000042, 0000043, 0000045, 0000046, 0000047, 0000054, 0000055, 0000057, 0000058, 0000059, 0000060, 0000062, 0000067, 0000068, 0000070, 0000071, 0000072, 0000076, 0000088, 0000093, 0000094, 0000099, 0000100
vsna, 1, 0000068
waiting, 2, 0000032, 0000075
wall, 1, 0000028
want, 2, 0000028, 0000078
wants, 2, 0000028, 0000098
warrants, 1, 0000005
was, 23, 0000000, 0000010, 0000011, 0000016, 0000018, 0000024, 0000028, 0000029, 0000030, 0000032, 0000039, 0000040, 0000045, 0000053, 0000054, 0000077, 0000078, 0000079, 0000084, 0000089, 0000092, 0000096, 0000098
washington, 17, 0000001, 0000011, 0000018, 0000029, 0000032, 0000036, 0000037, 0000043, 0000045, 0000065, 0000073, 0000074, 0000084, 0000086, 0000087, 0000096, 0000097
waste, 1, 0000028
wastes, 1, 0000028
water, 1, 0000078
way, 1, 0000078
wcust, 1, 0000072
weak, 1, 0000089
weather, 1, 0000077
wedndsday, 1, 0000077
wednesday, 3, 0000053, 0000072, 0000077
wednesdays, 1, 0000077
week, 25, 0000000, 0000019, 0000027, 0000029, 0000037, 0000038, 0000039, 0000045, 0000049, 0000050, 0000051, 0000052, 0000053, 0000061, 0000063, 0000068, 0000070, 0000071, 0000072, 0000073, 0000077, 0000079, 0000086, 0000094, 0000098
weekly, 10, 0000000, 0000029, 0000031, 0000045, 0000068, 0000069, 0000071, 0000072, 0000093, 0000094
weeks, 9, 0000000, 0000064, 0000068, 0000070, 0000077, 0000079, 0000093, 0000094, 0000099
weigh, 1, 0000097
weight, 1, 0000029
well, 2, 0000007, 0000078
wellington, 2, 0000031, 0000069
went, 1, 0000000
were, 11, 0000000, 0000002, 0000005, 0000028, 0000030, 0000039, 0000045, 0000074, 0000075, 0000077, 0000084
west, 5, 0000010, 0000083, 0000088, 0000089, 0000092
westport, 2, 0000055, 0000080
weve, 1, 0000010
what, 1, 0000078
wheat, 4, 0000001, 0000002, 0000011, 0000066
wheatbarley, 1, 0000001
when, 5, 0000028, 0000029, 0000040, 0000080, 0000087
whether, 3, 0000010, 0000028, 0000097
which, 16, 0000000, 0000016, 0000026, 0000029, 0000033, 0000039, 0000040, 0000048, 0000074, 0000077, 0000078, 0000080, 0000087, 0000095, 0000097, 0000098
while, 3, 0000016, 0000079, 0000097
white, 2, 0000028, 0000036
who, 1, 0000028
whole, 1, 0000077
whollyowned, 1, 0000090
widely, 1, 0000077
widespread, 1, 0000030
will, 21, 0000000, 0000007, 0000010, 0000011, 0000016, 0000020, 0000026, 0000028, 0000035, 0000040, 0000041, 0000048, 0000056, 0000073, 0000081, 0000083, 0000084, 0000085, 0000090, 0000097, 0000098
wilmington, 1, 0000056
wilson, 1, 0000040
window, 3, 0000051, 0000053, 0000077
wires, 1, 0000077
within, 2, 0000027, 0000030
wnx, 1, 0000028
woodco, 1, 0000005
worked, 1, 0000030
world, 2, 0000073, 0000084
worldwide, 1, 0000005
worse, 1, 0000030
worth, 1, 0000078
would, 13, 0000000, 0000005, 0000007, 0000010, 0000014, 0000026, 0000027, 0000028, 0000040, 0000048, 0000078, 0000097, 0000098
wrather, 1, 0000087
wratherwco, 1, 0000087
yates, 1, 0000003
ydlrs, 1, 0000001
year, 32, 0000000, 0000006, 0000007, 0000010, 0000014, 0000016, 0000017, 0000022, 0000023, 0000024, 0000028, 0000029, 0000030, 0000031, 0000035, 0000042, 0000045, 0000047, 0000054, 0000062, 0000067, 0000069, 0000074, 0000077, 0000078, 0000084, 0000085, 0000086, 0000088, 0000092, 0000098, 0000099
yearago, 3, 0000010, 0000045, 0000084
yearonyear, 1, 0000069
years, 4, 0000005, 0000007, 0000010, 0000016
yellow, 1, 0000066
yemen, 1, 0000011
yesterday, 4, 0000037, 0000038, 0000053, 0000078
yesterdays, 1, 0000038
york, 19, 0000000, 0000003, 0000013, 0000015, 0000016, 0000020, 0000025, 0000028, 0000039, 0000051, 0000052, 0000053, 0000054, 0000065, 0000077, 0000078, 0000079, 0000089, 0000098
you, 1, 0000078
your, 1, 0000078
yr, 2, 0000015, 0000047
zealand, 1, 0000087
zealands, 2, 0000031, 0000069
zimbabwe, 1, 0000074
zone, 1, 0000000
